1, 0, 2188.0, -5379.0, 3151.0, -4665.0, 0, 0, 0;
2, 1000, 3609.0, -5303.0, 1635.0, -2657.0, 0, 0, 0;
3, 2000, 4666.0, -4712.0, -48.0, -497.0, 0, 0, 0;
4, 3000, 5272.0, -3621.0, -1686.0, -916.0, 0, 0, 0;
5, 4000, 5340.0, -2201.0, -3179.0, -1787.0, 0, 0, 0;
6, 5000, 4936.0, -555.0, -4351.0, -2013.0, 0, 0, 0;
7, 6000, 4029.0, 1152.0, -5103.0, -496.0, 0, 0, 0;
8, 7000, 2716.0, 2728.0, -5403.0, -6644.0, 0, 0, 0;
9, 8000, 1138.0, 4056.0, -5153.0, -1296.0, 0, 0, 0;
10, 9000, -555.0, 4986.0, -4384.0, -2820.0, 0, 0, 0;
11, 10000, -2216.0, 5442.0, -3189.0, -832.0, 0, 0, 0;
12, 11000, -3606.0, 5354.0, -1662.0, -1014.0, 0, 0, 0;
13, 12000, -4698.0, 4722.0, 2.0, 36.0, 0, 0, 0;
14, 13000, -5294.0, 3624.0, 1681.0, 698.0, 0, 0, 0;
15, 14000, -5382.0, 2175.0, 3176.0, -312.0, 0, 0, 0;
16, 15000, -4945.0, 538.0, 4378.0, -1709.0, 0, 0, 0;
17, 16000, -4027.0, -1177.0, 5141.0, -943.0, 0, 0, 0;
18, 17000, -2708.0, -2741.0, 5419.0, 2380.0, 0, 0, 0;
19, 18000, -1116.0, -4013.0, 5169.0, -2086.0, 0, 0, 0;
20, 19000, 562.0, -4929.0, 4369.0, -3373.0, 0, 0, 0;
21, 20000, 2188.0, -5389.0, 3144.0, -3758.0, 0, 0, 0;
22, 21000, 3621.0, -5301.0, 1657.0, -521.0, 0, 0, 0;
23, 22000, 4666.0, -4708.0, -21.0, -3238.0, 0, 0, 0;
24, 23000, 5273.0, -3647.0, -1696.0, 255.0, 0, 0, 0;
25, 24000, 5344.0, -2187.0, -3178.0, 2468.0, 0, 0, 0;
26, 25000, 4926.0, -535.0, -4348.0, -3512.0, 0, 0, 0;
27, 26000, 4014.0, 1154.0, -5099.0, -893.0, 0, 0, 0;
28, 27000, 2723.0, 2740.0, -5397.0, -3898.0, 0, 0, 0;
29, 28000, 1136.0, 4048.0, -5152.0, -23.0, 0, 0, 0;
30, 29000, -543.0, 4994.0, -4386.0, -1387.0, 0, 0, 0;
31, 30000, -2215.0, 5444.0, -3202.0, -1256.0, 0, 0, 0;
32, 31000, -3617.0, 5352.0, -1678.0, -3423.0, 0, 0, 0;
33, 32000, -4702.0, 4703.0, -9.0, -2198.0, 0, 0, 0;
34, 33000, -5310.0, 3598.0, 1674.0, 124.0, 0, 0, 0;
35, 34000, -5384.0, 2156.0, 3163.0, -2125.0, 0, 0, 0;
36, 35000, -4961.0, 508.0, 4390.0, -84.0, 0, 0, 0;
37, 36000, -4026.0, -1172.0, 5149.0, -220.0, 0, 0, 0;
38, 37000, -2707.0, -2722.0, 5424.0, 7409.0, 0, 0, 0;
39, 38000, -1133.0, -3997.0, 5168.0, -3297.0, 0, 0, 0;
40, 39000, 571.0, -4926.0, 4381.0, 1084.0, 0, 0, 0;
41, 40000, 2203.0, -5386.0, 3167.0, -551.0, 0, 0, 0;
42, 41000, 3628.0, -5305.0, 1643.0, -4097.0, 0, 0, 0;
43, 42000, 4672.0, -4707.0, -54.0, -3271.0, 0, 0, 0;
44, 43000, 5283.0, -3634.0, -1698.0, -633.0, 0, 0, 0;
45, 44000, 5353.0, -2202.0, -3166.0, -1833.0, 0, 0, 0;
46, 45000, 4929.0, -560.0, -4344.0, -3022.0, 0, 0, 0;
47, 46000, 4024.0, 1151.0, -5109.0, -1193.0, 0, 0, 0;
48, 47000, 2727.0, 2722.0, -5384.0, -4591.0, 0, 0, 0;
49, 48000, 1132.0, 4058.0, -5134.0, -1739.0, 0, 0, 0;
50, 49000, -570.0, 4985.0, -4390.0, -5460.0, 0, 0, 0;
51, 50000, -2186.0, 5443.0, -3188.0, 5077.0, 0, 0, 0;
52, 51000, -3608.0, 5336.0, -1659.0, -3771.0, 0, 0, 0;
53, 52000, -4709.0, 4709.0, 19.0, -1778.0, 0, 0, 0;
54, 53000, -5292.0, 3610.0, 1683.0, -87.0, 0, 0, 0;
55, 54000, -5399.0, 2167.0, 3193.0, -4634.0, 0, 0, 0;
56, 55000, -4957.0, 535.0, 4376.0, 581.0, 0, 0, 0;
57, 56000, -4012.0, -1171.0, 5146.0, -2975.0, 0, 0, 0;
58, 57000, -2715.0, -2743.0, 5432.0, 5281.0, 0, 0, 0;
59, 58000, -1122.0, -4006.0, 5171.0, -5339.0, 0, 0, 0;
60, 59000, 552.0, -4912.0, 4386.0, 3180.0, 0, 0, 0;
61, 60000, 2193.0, -5372.0, 3162.0, -3462.0, 0, 0, 0;
62, 61000, 3606.0, -5319.0, 1641.0, 1158.0, 0, 0, 0;
63, 62000, 4674.0, -4711.0, -36.0, -1514.0, 0, 0, 0;
64, 63000, 5279.0, -3631.0, -1678.0, 2082.0, 0, 0, 0;
65, 64000, 5341.0, -2176.0, -3180.0, 930.0, 0, 0, 0;
66, 65000, 4931.0, -585.0, -4343.0, -8.0, 0, 0, 0;
67, 66000, 4033.0, 1129.0, -5105.0, -2696.0, 0, 0, 0;
68, 67000, 2696.0, 2729.0, -5386.0, -4327.0, 0, 0, 0;
69, 68000, 1126.0, 4053.0, -5142.0, -95.0, 0, 0, 0;
70, 69000, -552.0, 4983.0, -4385.0, -2974.0, 0, 0, 0;
71, 70000, -2211.0, 5437.0, -3177.0, -1179.0, 0, 0, 0;
72, 71000, -3624.0, 5340.0, -1670.0, -3019.0, 0, 0, 0;
73, 72000, -4698.0, 4712.0, 22.0, 3494.0, 0, 0, 0;
74, 73000, -5271.0, 3615.0, 1698.0, 588.0, 0, 0, 0;
75, 74000, -5387.0, 2176.0, 3177.0, 377.0, 0, 0, 0;
76, 75000, -4937.0, 521.0, 4386.0, 945.0, 0, 0, 0;
77, 76000, -4025.0, -1185.0, 5160.0, 382.0, 0, 0, 0;
78, 77000, -2704.0, -2730.0, 5431.0, 2441.0, 0, 0, 0;
79, 78000, -1295.0, -3454.0, 4768.0, -368.0, 0, 0, 0;
80, 79000, 2798.0, -26661.0, 23657.0, 20442.0, 0, 0, 0;
81, 80000, 12597.0, -32579.0, 19731.0, -2680.0, 0, 0, 0;
82, 81000, 21218.0, -32096.0, 10562.0, -5936.0, 0, 0, 0;
83, 82000, 27782.0, -28556.0, 464.0, -6352.0, 0, 0, 0;
84, 83000, 31615.0, -22192.0, -9623.0, -5023.0, 0, 0, 0;
85, 84000, 32302.0, -13621.0, -18781.0, -8955.0, 0, 0, 0;
86, 85000, 29817.0, -3721.0, -26037.0, -6131.0, 0, 0, 0;
87, 86000, 24372.0, 6554.0, -30771.0, -8842.0, 0, 0, 0;
88, 87000, 16514.0, 16202.0, -32530.0, -10427.0, 0, 0, 0;
89, 88000, 6998.0, 24274.0, -31069.0, -5977.0, 0, 0, 0;
90, 89000, -3177.0, 30011.0, -26551.0, -2072.0, 0, 0, 0;
91, 90000, -13092.0, 32755.0, -19431.0, 7776.0, 0, 0, 1;
92, 91000, -21727.0, 32317.0, -10358.0, 4633.0, 0, 0, 1;
93, 92000, -28277.0, 28714.0, -290.0, 5856.0, 0, 0, 1;
94, 93000, -32084.0, 22334.0, 9826.0, 4798.0, 0, 0, 1;
95, 94000, -32767.0, 13766.0, 18969.0, 8648.0, 0, 0, 1;
96, 95000, -30243.0, 3876.0, 26300.0, 4840.0, 0, 0, 1;
97, 96000, -24791.0, -6391.0, 31061.0, 14935.0, 0, 0, 1;
98, 97000, -16919.0, -16045.0, 32767.0, 12033.0, 0, 0, 1;
99, 98000, -7384.0, -24044.0, 31283.0, 8991.0, 0, 0, 1;
100, 99000, 2776.0, -29689.0, 26741.0, -665.0, 0, 0, 1;
101, 100000, 12663.0, -32499.0, 19591.0, -4273.0, 0, 0, 1;
102, 101000, 21266.0, -32115.0, 10543.0, -7926.0, 1, 1, 1;
103, 102000, 27828.0, -28570.0, 459.0, -5886.0, 1, 1, 1;
104, 103000, 31620.0, -22189.0, -9650.0, -6189.0, 1, 1, 1;
105, 104000, 32314.0, -13627.0, -18790.0, -8474.0, 1, 1, 1;
106, 105000, 29820.0, -3730.0, -26050.0, -5652.0, 1, 1, 1;
107, 106000, 24382.0, 6546.0, -30764.0, -10625.0, 1, 1, 1;
108, 107000, 16521.0, 16212.0, -32525.0, -11688.0, 1, 1, 1;
109, 108000, 7031.0, 24268.0, -31086.0, -4295.0, 1, 1, 1;
110, 109000, -3173.0, 29984.0, -26578.0, -3849.0, 1, 1, 1;
111, 110000, -13084.0, 32762.0, -19415.0, 2317.0, 1, 1, 1;
112, 111000, -21720.0, 32321.0, -10382.0, 3927.0, 1, 1, 1;
113, 112000, -28296.0, 28711.0, -279.0, 8078.0, 1, 1, 1;
114, 113000, -32074.0, 22332.0, 9809.0, 1293.0, 1, 1, 1;
115, 114000, -32764.0, 13768.0, 18983.0, 7354.0, 1, 1, 1;
116, 115000, -30237.0, 3863.0, 26287.0, 4818.0, 1, 1, 1;
117, 116000, -24766.0, -6390.0, 31031.0, 10916.0, 1, 1, 1;
118, 117000, -16893.0, -16030.0, 32764.0, 5667.0, 1, 1, 1;
119, 118000, -7377.0, -24072.0, 31266.0, 12726.0, 1, 1, 1;
120, 119000, 2819.0, -29702.0, 26715.0, 2699.0, 1, 1, 1;
121, 120000, 12700.0, -32495.0, 19576.0, -4768.0, 1, 1, 1;
122, 121000, 21286.0, -32117.0, 10544.0, -6527.0, 1, 1, 1;
123, 122000, 27834.0, -28570.0, 459.0, -5102.0, 1, 1, 1;
124, 123000, 31636.0, -22189.0, -9670.0, -4454.0, 1, 1, 1;
125, 124000, 32341.0, -13641.0, -18812.0, -10283.0, 1, 1, 1;
126, 125000, 29835.0, -3727.0, -26076.0, -5068.0, 1, 1, 1;
127, 126000, 24412.0, 6543.0, -30794.0, -8266.0, 1, 1, 1;
128, 127000, 16537.0, 16202.0, -32530.0, -9950.0, 1, 1, 1;
129, 128000, 7038.0, 24266.0, -31075.0, -7403.0, 1, 1, 1;
130, 129000, -3164.0, 29979.0, -26582.0, -2079.0, 1, 1, 1;
131, 130000, -13067.0, 32750.0, -19441.0, 1570.0, 1, 1, 1;
132, 131000, -21709.0, 32317.0, -10390.0, 2342.0, 1, 1, 1;
133, 132000, -28269.0, 28678.0, -307.0, 4902.0, 1, 1, 1;
134, 133000, -32050.0, 22326.0, 9804.0, 1788.0, 1, 1, 1;
135, 134000, -32736.0, 13766.0, 18947.0, 8083.0, 1, 1, 1;
136, 135000, -30199.0, 3887.0, 26287.0, 1730.0, 1, 1, 1;
137, 136000, -24733.0, -6415.0, 31037.0, 9195.0, 1, 1, 1;
138, 137000, -16868.0, -16024.0, 32740.0, 8368.0, 1, 1, 1;
139, 138000, -7367.0, -24070.0, 31267.0, 6024.0, 1, 1, 1;
140, 139000, 2835.0, -29718.0, 26711.0, -828.0, 1, 1, 1;
141, 140000, 12721.0, -32521.0, 19573.0, -466.0, 1, 1, 1;
142, 141000, 21289.0, -32119.0, 10526.0, -9031.0, 1, 1, 1;
143, 142000, 27827.0, -28565.0, 430.0, -9743.0, 1, 1, 1;
144, 143000, 31639.0, -22201.0, -9669.0, -5087.0, 1, 1, 1;
145, 144000, 32349.0, -13641.0, -18819.0, -7874.0, 1, 1, 1;
146, 145000, 29840.0, -3737.0, -26084.0, -8665.0, 1, 1, 1;
147, 146000, 24396.0, 6549.0, -30794.0, -10673.0, 1, 1, 1;
148, 147000, 16546.0, 16189.0, -32539.0, -11242.0, 1, 1, 1;
149, 148000, 7047.0, 24264.0, -31092.0, -6009.0, 1, 1, 1;
150, 149000, -3155.0, 29983.0, -26581.0, -5330.0, 1, 1, 1;
151, 150000, -13050.0, 32739.0, -19424.0, 3297.0, 1, 1, 1;
152, 151000, -21715.0, 32293.0, -10373.0, 943.0, 1, 1, 1;
153, 152000, -28263.0, 28712.0, -305.0, 4638.0, 1, 1, 1;
154, 153000, -32053.0, 22330.0, 9799.0, 2473.0, 1, 1, 1;
155, 154000, -32724.0, 13759.0, 18964.0, 8920.0, 1, 1, 1;
156, 155000, -30208.0, 3854.0, 26274.0, 5403.0, 1, 1, 1;
157, 156000, -24735.0, -6409.0, 31019.0, 10802.0, 1, 1, 1;
158, 157000, -16867.0, -16062.0, 32748.0, 3305.0, 1, 1, 1;
159, 158000, -7353.0, -24088.0, 31252.0, 4811.0, 1, 1, 1;
160, 159000, 2839.0, -29709.0, 26706.0, -2454.0, 1, 1, 1;
161, 160000, 12731.0, -32535.0, 19570.0, 1807.0, 1, 1, 1;
162, 161000, 21327.0, -32126.0, 10525.0, -12012.0, 1, 1, 1;
163, 162000, 27854.0, -28579.0, 435.0, -7461.0, 1, 1, 1;
164, 163000, 31672.0, -22201.0, -9681.0, -6929.0, 1, 1, 1;
165, 164000, 32356.0, -13648.0, -18820.0, -7669.0, 1, 1, 1;
166, 165000, 29852.0, -3742.0, -26086.0, -6364.0, 1, 1, 1;
167, 166000, 24397.0, 6545.0, -30822.0, -11487.0, 1, 1, 1;
168, 167000, 16541.0, 16204.0, -32550.0, -10742.0, 1, 1, 1;
169, 168000, 7040.0, 24271.0, -31087.0, -6083.0, 1, 1, 1;
170, 169000, -3147.0, 29959.0, -26562.0, -5439.0, 1, 1, 1;
171, 170000, -13047.0, 32767.0, -19444.0, 2225.0, 1, 1, 1;
172, 171000, -21696.0, 32290.0, -10393.0, 4415.0, 1, 1, 1;
173, 172000, -28250.0, 28693.0, -290.0, 1931.0, 1, 1, 1;
174, 173000, -32063.0, 22321.0, 9796.0, -858.0, 1, 1, 1;
175, 174000, -32730.0, 13766.0, 18962.0, 6966.0, 1, 1, 1;
176, 175000, -30197.0, 3845.0, 26288.0, 3259.0, 1, 1, 1;
177, 176000, -24746.0, -6407.0, 31041.0, 9880.0, 1, 1, 1;
178, 177000, -16851.0, -16057.0, 32737.0, 6947.0, 1, 1, 1;
179, 178000, -7365.0, -24102.0, 31244.0, 7212.0, 1, 1, 1;
180, 179000, 2850.0, -29720.0, 26712.0, -1893.0, 1, 1, 1;
181, 180000, 12735.0, -32519.0, 19567.0, -1193.0, 1, 1, 1;
182, 181000, 21349.0, -32124.0, 10495.0, -8378.0, 1, 1, 1;
183, 182000, 27872.0, -28594.0, 441.0, -5303.0, 1, 1, 1;
184, 183000, 31681.0, -22189.0, -9656.0, -7580.0, 1, 1, 1;
185, 184000, 32370.0, -13639.0, -18816.0, -8901.0, 1, 1, 1;
186, 185000, 29842.0, -3719.0, -26119.0, -8305.0, 1, 1, 1;
187, 186000, 24402.0, 6543.0, -30810.0, -9692.0, 1, 1, 1;
188, 187000, 16556.0, 16200.0, -32552.0, -12602.0, 1, 1, 1;
189, 188000, 7041.0, 24253.0, -31096.0, -4987.0, 1, 1, 1;
190, 189000, -3167.0, 29961.0, -26593.0, -6572.0, 1, 1, 1;
191, 190000, -13056.0, 32738.0, -19437.0, 2878.0, 1, 1, 1;
192, 191000, -21696.0, 32290.0, -10389.0, 2568.0, 1, 1, 1;
193, 192000, -28234.0, 28699.0, -315.0, 3302.0, 1, 1, 1;
194, 193000, -32035.0, 22309.0, 9797.0, 4036.0, 1, 1, 1;
195, 194000, -32709.0, 13772.0, 18952.0, 4858.0, 1, 1, 1;
196, 195000, -30188.0, 3869.0, 26262.0, 5894.0, 1, 1, 1;
197, 196000, -24722.0, -6420.0, 31022.0, 13711.0, 1, 1, 1;
198, 197000, -16838.0, -16065.0, 32747.0, 7703.0, 1, 1, 1;
199, 198000, -7337.0, -24094.0, 31238.0, 4947.0, 1, 1, 1;
200, 199000, 2869.0, -29735.0, 26690.0, 992.0, 1, 1, 1;
201, 200000, 12764.0, -32550.0, 19555.0, -1107.0, 1, 1, 1;
202, 201000, 21346.0, -32128.0, 10508.0, -7150.0, 1, 1, 1;
203, 202000, 27862.0, -28576.0, 432.0, -8766.0, 1, 1, 1;
204, 203000, 31679.0, -22208.0, -9681.0, -5057.0, 1, 1, 1;
205, 204000, 32384.0, -13642.0, -18835.0, -9241.0, 1, 1, 1;
206, 205000, 29857.0, -3720.0, -26083.0, -10107.0, 1, 1, 1;
207, 206000, 24415.0, 6536.0, -30835.0, -8926.0, 1, 1, 1;
208, 207000, 16560.0, 16168.0, -32564.0, -10192.0, 1, 1, 1;
209, 208000, 7058.0, 24267.0, -31105.0, -6385.0, 1, 1, 1;
210, 209000, -3157.0, 29965.0, -26586.0, -5685.0, 1, 1, 1;
211, 210000, -13051.0, 32755.0, -19451.0, 5363.0, 1, 1, 1;
212, 211000, -21700.0, 32291.0, -10393.0, 5274.0, 1, 1, 1;
213, 212000, -28257.0, 28686.0, -301.0, 4443.0, 1, 1, 1;
214, 213000, -32032.0, 22300.0, 9800.0, 5341.0, 1, 1, 1;
215, 214000, -32692.0, 13744.0, 18970.0, 10008.0, 1, 1, 1;
216, 215000, -30162.0, 3830.0, 26280.0, 6091.0, 1, 1, 1;
217, 216000, -24695.0, -6426.0, 31026.0, 9413.0, 1, 1, 1;
218, 217000, -16844.0, -16087.0, 32739.0, 9902.0, 1, 1, 1;
219, 218000, -7306.0, -24122.0, 31233.0, 9884.0, 1, 1, 1;
220, 219000, 2867.0, -29731.0, 26699.0, -2839.0, 1, 1, 1;
221, 220000, 12768.0, -32521.0, 19555.0, -2004.0, 1, 1, 1;
222, 221000, 21390.0, -32150.0, 10498.0, -5610.0, 1, 1, 1;
223, 222000, 27904.0, -28582.0, 432.0, -4972.0, 1, 1, 1;
224, 223000, 31698.0, -22207.0, -9693.0, -7287.0, 1, 1, 1;
225, 224000, 32378.0, -13636.0, -18822.0, -8844.0, 1, 1, 1;
226, 225000, 29863.0, -3754.0, -26131.0, -3486.0, 1, 1, 1;
227, 226000, 24425.0, 6548.0, -30820.0, -11940.0, 1, 1, 1;
228, 227000, 16563.0, 16182.0, -32557.0, -10849.0, 1, 1, 1;
229, 228000, 7050.0, 24250.0, -31102.0, -3080.0, 1, 1, 1;
230, 229000, -3138.0, 29963.0, -26588.0, -258.0, 1, 1, 1;
231, 230000, -13031.0, 32730.0, -19434.0, 968.0, 1, 1, 1;
232, 231000, -21683.0, 32274.0, -10387.0, 5482.0, 1, 1, 1;
233, 232000, -28225.0, 28678.0, -308.0, 4959.0, 1, 1, 1;
234, 233000, -32030.0, 22295.0, 9787.0, 2682.0, 1, 1, 1;
235, 234000, -32698.0, 13741.0, 18949.0, 7817.0, 1, 1, 1;
236, 235000, -30175.0, 3832.0, 26264.0, 6052.0, 1, 1, 1;
237, 236000, -24691.0, -6433.0, 31010.0, 12590.0, 1, 1, 1;
238, 237000, -16841.0, -16082.0, 32718.0, 7682.0, 1, 1, 1;
239, 238000, -7323.0, -24125.0, 31221.0, 9104.0, 1, 1, 1;
240, 239000, 2886.0, -29756.0, 26679.0, -844.0, 1, 1, 1;
241, 240000, 12758.0, -32545.0, 19539.0, 921.0, 1, 1, 1;
242, 241000, 21379.0, -32135.0, 10497.0, -11294.0, 1, 1, 1;
243, 242000, 27883.0, -28586.0, 426.0, -4629.0, 1, 1, 1;
244, 243000, 31677.0, -22197.0, -9695.0, -2390.0, 1, 1, 1;
245, 244000, 32372.0, -13639.0, -18842.0, -7569.0, 1, 1, 1;
246, 245000, 29883.0, -3738.0, -26144.0, -7912.0, 1, 1, 1;
247, 246000, 24420.0, 6550.0, -30843.0, -13595.0, 1, 1, 1;
248, 247000, 16565.0, 16178.0, -32579.0, -11565.0, 1, 1, 1;
249, 248000, 7056.0, 24249.0, -31119.0, -6119.0, 1, 1, 1;
250, 249000, -3140.0, 29980.0, -26595.0, -898.0, 1, 1, 1;
251, 250000, -13052.0, 32716.0, -19445.0, 1758.0, 1, 1, 1;
252, 251000, -21686.0, 32267.0, -10393.0, 4392.0, 1, 1, 1;
253, 252000, -28218.0, 28689.0, -304.0, 2255.0, 1, 1, 1;
254, 253000, -32014.0, 22303.0, 9803.0, 4199.0, 1, 1, 1;
255, 254000, -32689.0, 13747.0, 18940.0, 7356.0, 1, 1, 1;
256, 255000, -30152.0, 3834.0, 26268.0, 6202.0, 1, 1, 1;
257, 256000, -24693.0, -6440.0, 31019.0, 8769.0, 1, 1, 1;
258, 257000, -16823.0, -16079.0, 32722.0, 8157.0, 1, 1, 1;
259, 258000, -7320.0, -24126.0, 31212.0, 8442.0, 1, 1, 1;
260, 259000, 2901.0, -29775.0, 26671.0, -1162.0, 1, 1, 1;
261, 260000, 12771.0, -32534.0, 19538.0, -273.0, 1, 1, 1;
262, 261000, 21376.0, -32157.0, 10479.0, -7448.0, 1, 1, 1;
263, 262000, 27898.0, -28595.0, 390.0, 505.0, 1, 1, 1;
264, 263000, 31701.0, -22205.0, -9688.0, -8047.0, 1, 1, 1;
265, 264000, 32368.0, -13649.0, -18845.0, -8043.0, 1, 1, 1;
266, 265000, 29866.0, -3739.0, -26136.0, -7744.0, 1, 1, 1;
267, 266000, 24432.0, 6537.0, -30844.0, -8005.0, 1, 1, 1;
268, 267000, 16575.0, 16189.0, -32574.0, -7939.0, 1, 1, 1;
269, 268000, 7079.0, 24251.0, -31104.0, -5281.0, 1, 1, 1;
270, 269000, -3132.0, 29962.0, -26601.0, -2234.0, 1, 1, 1;
271, 270000, -13034.0, 32722.0, -19453.0, 1241.0, 1, 1, 1;
272, 271000, -21669.0, 32262.0, -10389.0, 7171.0, 1, 1, 1;
273, 272000, -28208.0, 28680.0, -311.0, 4721.0, 1, 1, 1;
274, 273000, -32007.0, 22292.0, 9787.0, 5388.0, 1, 1, 1;
275, 274000, -32683.0, 13722.0, 18948.0, 5711.0, 1, 1, 1;
276, 275000, -30133.0, 3813.0, 26263.0, 6005.0, 1, 1, 1;
277, 276000, -24677.0, -6452.0, 31007.0, 7908.0, 1, 1, 1;
278, 277000, -16819.0, -16090.0, 32728.0, 13595.0, 1, 1, 1;
279, 278000, -7298.0, -24131.0, 31225.0, 3143.0, 1, 1, 1;
280, 279000, 2911.0, -29767.0, 26685.0, 431.0, 1, 1, 1;
281, 280000, 12800.0, -32551.0, 19533.0, -2788.0, 1, 1, 1;
282, 281000, 21398.0, -32149.0, 10473.0, -2973.0, 1, 1, 1;
283, 282000, 27926.0, -28607.0, 393.0, -4706.0, 1, 1, 1;
284, 283000, 31702.0, -22200.0, -9697.0, -9020.0, 1, 1, 1;
285, 284000, 32396.0, -13636.0, -18854.0, -3484.0, 1, 1, 1;
286, 285000, 29894.0, -3733.0, -26144.0, -9679.0, 1, 1, 1;
287, 286000, 24443.0, 6527.0, -30853.0, -9789.0, 1, 1, 1;
288, 287000, 16575.0, 16174.0, -32588.0, -8781.0, 1, 1, 1;
289, 288000, 7061.0, 24246.0, -31130.0, -4165.0, 1, 1, 1;
290, 289000, -3133.0, 29970.0, -26593.0, -3155.0, 1, 1, 1;
291, 290000, -13030.0, 32709.0, -19436.0, -293.0, 1, 1, 1;
292, 291000, -21671.0, 32263.0, -10395.0, 8137.0, 1, 1, 1;
293, 292000, -28223.0, 28683.0, -310.0, 5929.0, 1, 1, 1;
294, 293000, -31999.0, 22280.0, 9783.0, 6084.0, 1, 1, 1;
295, 294000, -32664.0, 13728.0, 18951.0, 5137.0, 1, 1, 1;
296, 295000, -30146.0, 3807.0, 26247.0, 10401.0, 1, 1, 1;
297, 296000, -24661.0, -6451.0, 31025.0, 10121.0, 1, 1, 1;
298, 297000, -16808.0, -16101.0, 32719.0, 11053.0, 1, 1, 1;
299, 298000, -7270.0, -24142.0, 31228.0, 7586.0, 1, 1, 1;
300, 299000, 2899.0, -29765.0, 26692.0, 3065.0, 1, 1, 1;
301, 300000, 12824.0, -32547.0, 19537.0, -5997.0, 1, 1, 1;
302, 301000, 21447.0, -32162.0, 10479.0, -5710.0, 1, 1, 1;
303, 302000, 27926.0, -28590.0, 379.0, -5203.0, 1, 1, 1;
304, 303000, 31720.0, -22215.0, -9708.0, -7236.0, 1, 1, 1;
305, 304000, 32406.0, -13640.0, -18849.0, -5907.0, 1, 1, 1;
306, 305000, 29892.0, -3737.0, -26128.0, -6390.0, 1, 1, 1;
307, 306000, 24426.0, 6542.0, -30845.0, -6807.0, 1, 1, 1;
308, 307000, 16579.0, 16169.0, -32571.0, -16308.0, 1, 1, 1;
309, 308000, 7070.0, 24268.0, -31100.0, -3491.0, 1, 1, 1;
310, 309000, -3141.0, 29946.0, -26595.0, -694.0, 1, 1, 1;
311, 310000, -13032.0, 32731.0, -19449.0, 2422.0, 1, 1, 1;
312, 311000, -21667.0, 32257.0, -10379.0, 1502.0, 1, 1, 1;
313, 312000, -28223.0, 28651.0, -301.0, 4872.0, 1, 1, 1;
314, 313000, -32004.0, 22270.0, 9785.0, 6316.0, 1, 1, 1;
315, 314000, -32669.0, 13728.0, 18944.0, 9887.0, 1, 1, 1;
316, 315000, -30114.0, 3796.0, 26276.0, 4437.0, 1, 1, 1;
317, 316000, -24669.0, -6454.0, 31006.0, 14764.0, 1, 1, 1;
318, 317000, -16791.0, -16097.0, 32713.0, 7766.0, 1, 1, 1;
319, 318000, -7286.0, -24145.0, 31226.0, 7225.0, 1, 1, 1;
320, 319000, 2910.0, -29786.0, 26678.0, 654.0, 1, 1, 1;
321, 320000, 12801.0, -32547.0, 19531.0, -1283.0, 1, 1, 1;
322, 321000, 21420.0, -32147.0, 10472.0, -4981.0, 1, 1, 1;
323, 322000, 27918.0, -28609.0, 395.0, -7114.0, 1, 1, 1;
324, 323000, 31706.0, -22210.0, -9713.0, -4834.0, 1, 1, 1;
325, 324000, 32383.0, -13652.0, -18878.0, -4188.0, 1, 1, 1;
326, 325000, 29892.0, -3728.0, -26147.0, -7448.0, 1, 1, 1;
327, 326000, 24439.0, 6531.0, -30839.0, -12204.0, 1, 1, 1;
328, 327000, 16577.0, 16179.0, -32591.0, -10071.0, 1, 1, 1;
329, 328000, 7053.0, 24250.0, -31138.0, -3142.0, 1, 1, 1;
330, 329000, -3128.0, 29932.0, -26585.0, -4802.0, 1, 1, 1;
331, 330000, -13025.0, 32716.0, -19450.0, 1678.0, 1, 1, 1;
332, 331000, -21679.0, 32237.0, -10389.0, 7321.0, 1, 1, 1;
333, 332000, -28199.0, 28682.0, -306.0, 2676.0, 1, 1, 1;
334, 333000, -31997.0, 22286.0, 9800.0, 2958.0, 1, 1, 1;
335, 334000, -32650.0, 13720.0, 18957.0, 9569.0, 1, 1, 1;
336, 335000, -30115.0, 3797.0, 26257.0, 3718.0, 1, 1, 1;
337, 336000, -24650.0, -6490.0, 31022.0, 10881.0, 1, 1, 1;
338, 337000, -16810.0, -16121.0, 32718.0, 8316.0, 1, 1, 1;
339, 338000, -7273.0, -24162.0, 31210.0, 8245.0, 1, 1, 1;
340, 339000, 2919.0, -29786.0, 26673.0, -2270.0, 1, 1, 1;
341, 340000, 12828.0, -32551.0, 19538.0, -288.0, 1, 1, 1;
342, 341000, 21461.0, -32156.0, 10478.0, -8051.0, 1, 1, 1;
343, 342000, 27940.0, -28595.0, 373.0, -7580.0, 1, 1, 1;
344, 343000, 31749.0, -22203.0, -9722.0, -6182.0, 1, 1, 1;
345, 344000, 32409.0, -13656.0, -18852.0, -7847.0, 1, 1, 1;
346, 345000, 29887.0, -3724.0, -26139.0, -6507.0, 1, 1, 1;
347, 346000, 24439.0, 6541.0, -30857.0, -11955.0, 1, 1, 1;
348, 347000, 16578.0, 16192.0, -32583.0, -11674.0, 1, 1, 1;
349, 348000, 7080.0, 24237.0, -31116.0, -5850.0, 1, 1, 1;
350, 349000, -3106.0, 29960.0, -26586.0, -3834.0, 1, 1, 1;
351, 350000, -13026.0, 32694.0, -19448.0, 3606.0, 1, 1, 1;
352, 351000, -21660.0, 32242.0, -10383.0, 4504.0, 1, 1, 1;
353, 352000, -28196.0, 28667.0, -306.0, 5829.0, 1, 1, 1;
354, 353000, -31979.0, 22273.0, 9776.0, 5354.0, 1, 1, 1;
355, 354000, -32644.0, 13707.0, 18962.0, 6041.0, 1, 1, 1;
356, 355000, -30101.0, 3786.0, 26270.0, 7266.0, 1, 1, 1;
357, 356000, -24644.0, -6475.0, 30993.0, 11324.0, 1, 1, 1;
358, 357000, -16783.0, -16120.0, 32703.0, 11670.0, 1, 1, 1;
359, 358000, -7249.0, -24147.0, 31212.0, 6691.0, 1, 1, 1;
360, 359000, 2928.0, -29796.0, 26668.0, 1550.0, 1, 1, 1;
361, 360000, 12838.0, -32560.0, 19515.0, 754.0, 1, 1, 1;
362, 361000, 21483.0, -32157.0, 10470.0, -5794.0, 1, 1, 1;
363, 362000, 27960.0, -28604.0, 379.0, -7151.0, 1, 1, 1;
364, 363000, 31738.0, -22225.0, -9741.0, -6058.0, 1, 1, 1;
365, 364000, 32427.0, -13650.0, -18882.0, -7501.0, 1, 1, 1;
366, 365000, 29892.0, -3742.0, -26152.0, -4693.0, 1, 1, 1;
367, 366000, 24449.0, 6527.0, -30870.0, -13359.0, 1, 1, 1;
368, 367000, 16590.0, 16169.0, -32586.0, -11574.0, 1, 1, 1;
369, 368000, 7071.0, 24246.0, -31106.0, -4261.0, 1, 1, 1;
370, 369000, -3137.0, 29936.0, -26598.0, -5504.0, 1, 1, 1;
371, 370000, -13032.0, 32716.0, -19428.0, 1494.0, 1, 1, 1;
372, 371000, -21660.0, 32245.0, -10401.0, 3067.0, 1, 1, 1;
373, 372000, -28188.0, 28662.0, -296.0, 3129.0, 1, 1, 1;
374, 373000, -31988.0, 22278.0, 9805.0, 2373.0, 1, 1, 1;
375, 374000, -32636.0, 13715.0, 18947.0, 3423.0, 1, 1, 1;
376, 375000, -30099.0, 3803.0, 26265.0, 5863.0, 1, 1, 1;
377, 376000, -24649.0, -6483.0, 30999.0, 14472.0, 1, 1, 1;
378, 377000, -16784.0, -16106.0, 32712.0, 7717.0, 1, 1, 1;
379, 378000, -7246.0, -24179.0, 31197.0, 10050.0, 1, 1, 1;
380, 379000, 2955.0, -29805.0, 26656.0, -2621.0, 1, 1, 1;
381, 380000, 12842.0, -32569.0, 19513.0, 3316.0, 1, 1, 1;
382, 381000, 21470.0, -32165.0, 10448.0, -7034.0, 1, 1, 1;
383, 382000, 27968.0, -28599.0, 352.0, -4240.0, 1, 1, 1;
384, 383000, 31732.0, -22207.0, -9721.0, -4671.0, 1, 1, 1;
385, 384000, 32420.0, -13645.0, -18860.0, -5344.0, 1, 1, 1;
386, 385000, 29915.0, -3733.0, -26166.0, -6635.0, 1, 1, 1;
387, 386000, 24462.0, 6540.0, -30848.0, -10509.0, 1, 1, 1;
388, 387000, 16581.0, 16180.0, -32575.0, -5846.0, 1, 1, 1;
389, 388000, 7074.0, 24240.0, -31123.0, -7223.0, 1, 1, 1;
390, 389000, -3115.0, 29952.0, -26595.0, 2155.0, 1, 1, 1;
391, 390000, -13022.0, 32707.0, -19442.0, -1975.0, 1, 1, 1;
392, 391000, -21654.0, 32237.0, -10381.0, 5659.0, 1, 1, 1;
393, 392000, -28206.0, 28660.0, -306.0, 242.0, 1, 1, 1;
394, 393000, -31989.0, 22263.0, 9792.0, 7117.0, 1, 1, 1;
395, 394000, -32648.0, 13704.0, 18950.0, 7001.0, 1, 1, 1;
396, 395000, -30104.0, 3784.0, 26274.0, 9042.0, 1, 1, 1;
397, 396000, -24628.0, -6483.0, 31008.0, 7106.0, 1, 1, 1;
398, 397000, -16761.0, -16120.0, 32698.0, 9155.0, 1, 1, 1;
399, 398000, -7242.0, -24160.0, 31192.0, 6218.0, 1, 1, 1;
400, 399000, 2970.0, -29806.0, 26667.0, 1110.0, 1, 1, 1;
401, 400000, 12844.0, -32564.0, 19510.0, -3224.0, 1, 1, 1;
402, 401000, 21464.0, -32150.0, 10459.0, -8544.0, 1, 1, 1;
403, 402000, 27961.0, -28592.0, 374.0, -467.0, 1, 1, 1;
404, 403000, 31720.0, -22217.0, -9740.0, -7924.0, 1, 1, 1;
405, 404000, 32414.0, -13649.0, -18887.0, -5008.0, 1, 1, 1;
406, 405000, 29896.0, -3725.0, -26165.0, -9890.0, 1, 1, 1;
407, 406000, 24448.0, 6546.0, -30866.0, -8995.0, 1, 1, 1;
408, 407000, 16586.0, 16171.0, -32595.0, -6943.0, 1, 1, 1;
409, 408000, 7069.0, 24253.0, -31119.0, -6564.0, 1, 1, 1;
410, 409000, -3132.0, 29946.0, -26584.0, -2227.0, 1, 1, 1;
411, 410000, -13020.0, 32719.0, -19436.0, -3460.0, 1, 1, 1;
412, 411000, -21658.0, 32236.0, -10404.0, 7545.0, 1, 1, 1;
413, 412000, -28198.0, 28639.0, -311.0, 3086.0, 1, 1, 1;
414, 413000, -31982.0, 22270.0, 9791.0, 8106.0, 1, 1, 1;
415, 414000, -32625.0, 13709.0, 18962.0, 1328.0, 1, 1, 1;
416, 415000, -30093.0, 3786.0, 26262.0, 11180.0, 1, 1, 1;
417, 416000, -24620.0, -6488.0, 30994.0, 6923.0, 1, 1, 1;
418, 417000, -16749.0, -16122.0, 32706.0, 6690.0, 1, 1, 1;
419, 418000, -7249.0, -24174.0, 31208.0, 1866.0, 1, 1, 1;
420, 419000, 2956.0, -29824.0, 26653.0, 4423.0, 1, 1, 1;
421, 420000, 12857.0, -32565.0, 19499.0, -5356.0, 1, 1, 1;
422, 421000, 21451.0, -32175.0, 10451.0, -7188.0, 1, 1, 1;
423, 422000, 27977.0, -28604.0, 360.0, -4201.0, 1, 1, 1;
424, 423000, 31748.0, -22224.0, -9742.0, -3455.0, 1, 1, 1;
425, 424000, 32419.0, -13643.0, -18893.0, -9550.0, 1, 1, 1;
426, 425000, 29901.0, -3723.0, -26180.0, -10223.0, 1, 1, 1;
427, 426000, 24457.0, 6514.0, -30868.0, -4974.0, 1, 1, 1;
428, 427000, 16601.0, 16167.0, -32590.0, -11478.0, 1, 1, 1;
429, 428000, 7069.0, 24254.0, -31125.0, -7358.0, 1, 1, 1;
430, 429000, -3132.0, 29946.0, -26587.0, -5854.0, 1, 1, 1;
431, 430000, -13018.0, 32720.0, -19441.0, 1676.0, 1, 1, 1;
432, 431000, -21669.0, 32253.0, -10391.0, 3926.0, 1, 1, 1;
433, 432000, -28192.0, 28645.0, -286.0, 2033.0, 1, 1, 1;
434, 433000, -31982.0, 22256.0, 9803.0, 7748.0, 1, 1, 1;
435, 434000, -32613.0, 13678.0, 18943.0, 5711.0, 1, 1, 1;
436, 435000, -30076.0, 3777.0, 26272.0, 5654.0, 1, 1, 1;
437, 436000, -24612.0, -6496.0, 31010.0, 7300.0, 1, 1, 1;
438, 437000, -16743.0, -16144.0, 32692.0, 13925.0, 1, 1, 1;
439, 438000, -7224.0, -24181.0, 31188.0, 7061.0, 1, 1, 1;
440, 439000, 2975.0, -29818.0, 26657.0, 3375.0, 1, 1, 1;
441, 440000, 12871.0, -32573.0, 19500.0, -2233.0, 1, 1, 1;
442, 441000, 21512.0, -32178.0, 10436.0, 469.0, 1, 1, 1;
443, 442000, 27979.0, -28603.0, 359.0, -10157.0, 1, 1, 1;
444, 443000, 31754.0, -22210.0, -9727.0, -3451.0, 1, 1, 1;
445, 444000, 32441.0, -13642.0, -18893.0, -7155.0, 1, 1, 1;
446, 445000, 29922.0, -3723.0, -26167.0, -6853.0, 1, 1, 1;
447, 446000, 24468.0, 6537.0, -30879.0, -6985.0, 1, 1, 1;
448, 447000, 16592.0, 16183.0, -32590.0, -11431.0, 1, 1, 1;
449, 448000, 7090.0, 24246.0, -31132.0, -2090.0, 1, 1, 1;
450, 449000, -3103.0, 29954.0, -26589.0, -2640.0, 1, 1, 1;
451, 450000, -13013.0, 32693.0, -19433.0, 1525.0, 1, 1, 1;
452, 451000, -21651.0, 32235.0, -10387.0, 3999.0, 1, 1, 1;
453, 452000, -28177.0, 28642.0, -301.0, 5178.0, 1, 1, 1;
454, 453000, -31977.0, 22250.0, 9797.0, 6859.0, 1, 1, 1;
455, 454000, -32612.0, 13682.0, 18964.0, 10578.0, 1, 1, 1;
456, 455000, -30089.0, 3785.0, 26255.0, 3739.0, 1, 1, 1;
457, 456000, -24600.0, -6488.0, 30997.0, 11794.0, 1, 1, 1;
458, 457000, -16727.0, -16124.0, 32707.0, 9114.0, 1, 1, 1;
459, 458000, -7228.0, -24186.0, 31190.0, 8362.0, 1, 1, 1;
460, 459000, 2988.0, -29820.0, 26640.0, 450.0, 1, 1, 1;
461, 460000, 12870.0, -32562.0, 19498.0, -4286.0, 1, 1, 1;
462, 461000, 21492.0, -32165.0, 10431.0, -7173.0, 1, 1, 1;
463, 462000, 28000.0, -28605.0, 346.0, -5870.0, 1, 1, 1;
464, 463000, 31773.0, -22194.0, -9747.0, -7487.0, 1, 1, 1;
465, 464000, 32440.0, -13640.0, -18881.0, -7069.0, 1, 1, 1;
466, 465000, 29910.0, -3742.0, -26183.0, -4453.0, 1, 1, 1;
467, 466000, 24454.0, 6537.0, -30879.0, -9641.0, 1, 1, 1;
468, 467000, 16593.0, 16196.0, -32605.0, -7783.0, 1, 1, 1;
469, 468000, 7089.0, 24238.0, -31127.0, -7569.0, 1, 1, 1;
470, 469000, -3135.0, 29939.0, -26586.0, -286.0, 1, 1, 1;
471, 470000, -13016.0, 32679.0, -19455.0, 2039.0, 1, 1, 1;
472, 471000, -21640.0, 32234.0, -10382.0, 5883.0, 1, 1, 1;
473, 472000, -28177.0, 28646.0, -301.0, 7389.0, 1, 1, 1;
474, 473000, -31962.0, 22251.0, 9813.0, 5420.0, 1, 1, 1;
475, 474000, -32611.0, 13694.0, 18954.0, 8979.0, 1, 1, 1;
476, 475000, -30074.0, 3756.0, 26271.0, 7033.0, 1, 1, 1;
477, 476000, -24609.0, -6508.0, 31014.0, 10306.0, 1, 1, 1;
478, 477000, -16742.0, -16133.0, 32693.0, 11005.0, 1, 1, 1;
479, 478000, -7223.0, -24173.0, 31186.0, 8044.0, 1, 1, 1;
480, 479000, 2989.0, -29818.0, 26660.0, 2686.0, 1, 1, 1;
481, 480000, 12860.0, -32585.0, 19492.0, 459.0, 1, 1, 1;
482, 481000, 21488.0, -32160.0, 10438.0, -8488.0, 1, 1, 1;
483, 482000, 28004.0, -28604.0, 354.0, -3456.0, 1, 1, 1;
484, 483000, 31753.0, -22203.0, -9759.0, -7052.0, 1, 1, 1;
485, 484000, 32435.0, -13655.0, -18909.0, -2829.0, 1, 1, 1;
486, 485000, 29925.0, -3723.0, -26179.0, -7415.0, 1, 1, 1;
487, 486000, 24452.0, 6534.0, -30882.0, -10843.0, 1, 1, 1;
488, 487000, 16586.0, 16185.0, -32591.0, -9086.0, 1, 1, 1;
489, 488000, 7079.0, 24251.0, -31133.0, -8512.0, 1, 1, 1;
490, 489000, -3116.0, 29944.0, -26606.0, 1067.0, 1, 1, 1;
491, 490000, -13017.0, 32704.0, -19433.0, -1832.0, 1, 1, 1;
492, 491000, -21635.0, 32224.0, -10387.0, 7699.0, 1, 1, 1;
493, 492000, -28188.0, 28638.0, -287.0, 244.0, 1, 1, 1;
494, 493000, -31960.0, 22249.0, 9805.0, 5884.0, 1, 1, 1;
495, 494000, -32609.0, 13670.0, 18953.0, 6580.0, 1, 1, 1;
496, 495000, -30045.0, 3775.0, 26257.0, 7449.0, 1, 1, 1;
497, 496000, -24607.0, -6506.0, 30987.0, 6749.0, 1, 1, 1;
498, 497000, -16742.0, -16142.0, 32693.0, 11162.0, 1, 1, 1;
499, 498000, -7210.0, -24193.0, 31182.0, 3532.0, 1, 1, 1;
500, 499000, 2987.0, -29803.0, 26637.0, 2374.0, 1, 1, 1;
501, 500000, 12893.0, -32589.0, 19497.0, -2521.0, 1, 1, 1;
502, 501000, 21504.0, -32167.0, 10436.0, -10626.0, 1, 1, 1;
503, 502000, 28011.0, -28596.0, 341.0, -1877.0, 1, 1, 1;
504, 503000, 31778.0, -22215.0, -9770.0, -4541.0, 1, 1, 1;
505, 504000, 32443.0, -13645.0, -18921.0, -2735.0, 1, 1, 1;
506, 505000, 29929.0, -3722.0, -26166.0, -9080.0, 1, 1, 1;
507, 506000, 24470.0, 6546.0, -30903.0, -8690.0, 1, 1, 1;
508, 507000, 16600.0, 16177.0, -32607.0, -11032.0, 1, 1, 1;
509, 508000, 7092.0, 24263.0, -31140.0, -6462.0, 1, 1, 1;
510, 509000, -3104.0, 29934.0, -26595.0, -4302.0, 1, 1, 1;
511, 510000, -13015.0, 32713.0, -19450.0, -1007.0, 1, 1, 1;
512, 511000, -21665.0, 32234.0, -10402.0, 6276.0, 1, 1, 1;
513, 512000, -28199.0, 28634.0, -304.0, 5119.0, 1, 1, 1;
514, 513000, -31959.0, 22247.0, 9802.0, 3608.0, 1, 1, 1;
515, 514000, -32611.0, 13670.0, 18938.0, 3899.0, 1, 1, 1;
516, 515000, -30042.0, 3769.0, 26267.0, 7192.0, 1, 1, 1;
517, 516000, -24609.0, -6503.0, 30989.0, 6294.0, 1, 1, 1;
518, 517000, -16733.0, -16149.0, 32672.0, 14481.0, 1, 1, 1;
519, 518000, -7205.0, -24205.0, 31180.0, 4764.0, 1, 1, 1;
520, 519000, 2974.0, -29817.0, 26649.0, 2545.0, 1, 1, 1;
521, 520000, 12888.0, -32580.0, 19473.0, -2570.0, 1, 1, 1;
522, 521000, 21496.0, -32159.0, 10424.0, -5969.0, 1, 1, 1;
523, 522000, 28016.0, -28596.0, 351.0, -6517.0, 1, 1, 1;
524, 523000, 31764.0, -22213.0, -9774.0, -4547.0, 1, 1, 1;
525, 524000, 32431.0, -13624.0, -18917.0, -5594.0, 1, 1, 1;
526, 525000, 29927.0, -3721.0, -26187.0, -3573.0, 1, 1, 1;
527, 526000, 24464.0, 6528.0, -30894.0, -11339.0, 1, 1, 1;
528, 527000, 16607.0, 16191.0, -32615.0, -11960.0, 1, 1, 1;
529, 528000, 7077.0, 24278.0, -31137.0, -588.0, 1, 1, 1;
530, 529000, -3133.0, 29917.0, -26604.0, -4375.0, 1, 1, 1;
531, 530000, -13014.0, 32714.0, -19444.0, -1282.0, 1, 1, 1;
532, 531000, -21656.0, 32231.0, -10397.0, 5308.0, 1, 1, 1;
533, 532000, -28197.0, 28629.0, -322.0, 7052.0, 1, 1, 1;
534, 533000, -31952.0, 22242.0, 9808.0, 3191.0, 1, 1, 1;
535, 534000, -32580.0, 13670.0, 18972.0, 6927.0, 1, 1, 1;
536, 535000, -30040.0, 3756.0, 26257.0, 6105.0, 1, 1, 1;
537, 536000, -24595.0, -6512.0, 30977.0, 13395.0, 1, 1, 1;
538, 537000, -16727.0, -16134.0, 32685.0, 7402.0, 1, 1, 1;
539, 538000, -7186.0, -24191.0, 31183.0, 5695.0, 1, 1, 1;
540, 539000, 2990.0, -29819.0, 26630.0, 154.0, 1, 1, 1;
541, 540000, 12897.0, -32579.0, 19471.0, -2314.0, 1, 1, 1;
542, 541000, 21503.0, -32168.0, 10414.0, -7293.0, 1, 1, 1;
543, 542000, 28018.0, -28599.0, 342.0, -6121.0, 1, 1, 1;
544, 543000, 31764.0, -22229.0, -9767.0, -5004.0, 1, 1, 1;
545, 544000, 32437.0, -13640.0, -18906.0, -8696.0, 1, 1, 1;
546, 545000, 29934.0, -3723.0, -26193.0, -9332.0, 1, 1, 1;
547, 546000, 24479.0, 6536.0, -30889.0, -13122.0, 1, 1, 1;
548, 547000, 16601.0, 16177.0, -32633.0, -10170.0, 1, 1, 1;
549, 548000, 7082.0, 24264.0, -31123.0, -7379.0, 1, 1, 1;
550, 549000, -3118.0, 29929.0, -26597.0, -3237.0, 1, 1, 1;
551, 550000, -13018.0, 32701.0, -19449.0, 3927.0, 1, 1, 1;
552, 551000, -21651.0, 32224.0, -10381.0, 2875.0, 1, 1, 1;
553, 552000, -28195.0, 28627.0, -289.0, 786.0, 1, 1, 1;
554, 553000, -31961.0, 22241.0, 9797.0, 3589.0, 1, 1, 1;
555, 554000, -32588.0, 13656.0, 18958.0, 4881.0, 1, 1, 1;
556, 555000, -30044.0, 3751.0, 26264.0, 4888.0, 1, 1, 1;
557, 556000, -24590.0, -6514.0, 30995.0, 12280.0, 1, 1, 1;
558, 557000, -16720.0, -16156.0, 32685.0, 10298.0, 1, 1, 1;
559, 558000, -7194.0, -24210.0, 31173.0, 9773.0, 1, 1, 1;
560, 559000, 3007.0, -29834.0, 26646.0, -4640.0, 1, 1, 1;
561, 560000, 12897.0, -32580.0, 19488.0, -1139.0, 1, 1, 1;
562, 561000, 21506.0, -32174.0, 10408.0, -6112.0, 1, 1, 1;
563, 562000, 28014.0, -28605.0, 324.0, -6246.0, 1, 1, 1;
564, 563000, 31771.0, -22223.0, -9756.0, -7907.0, 1, 1, 1;
565, 564000, 32434.0, -13615.0, -18927.0, -9361.0, 1, 1, 1;
566, 565000, 29908.0, -3706.0, -26213.0, -2481.0, 1, 1, 1;
567, 566000, 24465.0, 6549.0, -30915.0, -11642.0, 1, 1, 1;
568, 567000, 16586.0, 16179.0, -32614.0, -12760.0, 1, 1, 1;
569, 568000, 7085.0, 24255.0, -31127.0, -5672.0, 1, 1, 1;
570, 569000, -3117.0, 29926.0, -26595.0, 2159.0, 1, 1, 1;
571, 570000, -13024.0, 32699.0, -19439.0, 3440.0, 1, 1, 1;
572, 571000, -21651.0, 32234.0, -10391.0, 6567.0, 1, 1, 1;
573, 572000, -28199.0, 28630.0, -302.0, 7259.0, 1, 1, 1;
574, 573000, -31954.0, 22236.0, 9806.0, 3141.0, 1, 1, 1;
575, 574000, -32578.0, 13662.0, 18960.0, 8647.0, 1, 1, 1;
576, 575000, -30036.0, 3753.0, 26264.0, 9176.0, 1, 1, 1;
577, 576000, -24592.0, -6505.0, 30987.0, 12148.0, 1, 1, 1;
578, 577000, -16723.0, -16171.0, 32684.0, 10132.0, 1, 1, 1;
579, 578000, -7177.0, -24226.0, 31184.0, 7124.0, 1, 1, 1;
580, 579000, 3013.0, -29824.0, 26633.0, 1714.0, 1, 1, 1;
581, 580000, 12906.0, -32581.0, 19479.0, -3145.0, 1, 1, 1;
582, 581000, 21526.0, -32179.0, 10427.0, -9194.0, 1, 1, 1;
583, 582000, 28037.0, -28613.0, 334.0, -3429.0, 1, 1, 1;
584, 583000, 31785.0, -22208.0, -9758.0, -8825.0, 1, 1, 1;
585, 584000, 32452.0, -13637.0, -18933.0, -7280.0, 1, 1, 1;
586, 585000, 29911.0, -3707.0, -26193.0, -7449.0, 1, 1, 1;
587, 586000, 24458.0, 6548.0, -30900.0, -10712.0, 1, 1, 1;
588, 587000, 16588.0, 16178.0, -32626.0, -12904.0, 1, 1, 1;
589, 588000, 7087.0, 24264.0, -31130.0, -8763.0, 1, 1, 1;
590, 589000, -3129.0, 29932.0, -26596.0, 849.0, 1, 1, 1;
591, 590000, -13020.0, 32716.0, -19452.0, -2807.0, 1, 1, 1;
592, 591000, -21647.0, 32218.0, -10390.0, 5417.0, 1, 1, 1;
593, 592000, -28171.0, 28632.0, -290.0, 234.0, 1, 1, 1;
594, 593000, -31936.0, 22233.0, 9808.0, 4896.0, 1, 1, 1;
595, 594000, -32585.0, 13654.0, 18939.0, 6602.0, 1, 1, 1;
596, 595000, -30025.0, 3745.0, 26261.0, 7350.0, 1, 1, 1;
597, 596000, -24574.0, -6537.0, 30995.0, 6933.0, 1, 1, 1;
598, 597000, -16716.0, -16166.0, 32680.0, 12925.0, 1, 1, 1;
599, 598000, -7184.0, -24213.0, 31173.0, 3159.0, 1, 1, 1;
600, 599000, 3025.0, -29858.0, 26630.0, 1046.0, 1, 1, 1;
601, 600000, 12903.0, -32585.0, 19482.0, -4488.0, 1, 1, 1;
602, 601000, 21544.0, -32169.0, 10417.0, -7043.0, 1, 1, 1;
603, 602000, 28046.0, -28617.0, 315.0, -994.0, 1, 1, 1;
604, 603000, 31778.0, -22195.0, -9765.0, -5732.0, 1, 1, 1;
605, 604000, 32462.0, -13633.0, -18925.0, -6710.0, 1, 1, 1;
606, 605000, 29923.0, -3729.0, -26220.0, -8407.0, 1, 1, 1;
607, 606000, 24471.0, 6541.0, -30913.0, -9796.0, 1, 1, 1;
608, 607000, 16593.0, 16198.0, -32614.0, -11541.0, 1, 1, 1;
609, 608000, 7088.0, 24265.0, -31132.0, -9935.0, 1, 1, 1;
610, 609000, -3112.0, 29938.0, -26601.0, 1116.0, 1, 1, 1;
611, 610000, -13022.0, 32690.0, -19444.0, 2691.0, 1, 1, 1;
612, 611000, -21660.0, 32214.0, -10381.0, 9665.0, 1, 1, 1;
613, 612000, -28160.0, 28641.0, -299.0, -1014.0, 1, 1, 1;
614, 613000, -31954.0, 22234.0, 9801.0, 5594.0, 1, 1, 1;
615, 614000, -32599.0, 13667.0, 18966.0, 3095.0, 1, 1, 1;
616, 615000, -30056.0, 3747.0, 26265.0, 8119.0, 1, 1, 1;
617, 616000, -24563.0, -6521.0, 30989.0, 8403.0, 1, 1, 1;
618, 617000, -16693.0, -16153.0, 32694.0, 9942.0, 1, 1, 1;
619, 618000, -7191.0, -24191.0, 31182.0, 554.0, 1, 1, 1;
620, 619000, 3017.0, -29837.0, 26630.0, 3362.0, 1, 1, 1;
621, 620000, 12914.0, -32603.0, 19468.0, -2862.0, 1, 1, 1;
622, 621000, 21560.0, -32179.0, 10397.0, -7218.0, 1, 1, 1;
623, 622000, 28042.0, -28591.0, 325.0, -9420.0, 1, 1, 1;
624, 623000, 31791.0, -22212.0, -9782.0, -7837.0, 1, 1, 1;
625, 624000, 32447.0, -13633.0, -18925.0, -7207.0, 1, 1, 1;
626, 625000, 29926.0, -3719.0, -26203.0, -9913.0, 1, 1, 1;
627, 626000, 24469.0, 6553.0, -30910.0, -7315.0, 1, 1, 1;
628, 627000, 16610.0, 16206.0, -32610.0, -10730.0, 1, 1, 1;
629, 628000, 7076.0, 24273.0, -31122.0, -3787.0, 1, 1, 1;
630, 629000, -3129.0, 29932.0, -26582.0, -1035.0, 1, 1, 1;
631, 630000, -13006.0, 32700.0, -19446.0, -536.0, 1, 1, 1;
632, 631000, -21649.0, 32215.0, -10378.0, 8289.0, 1, 1, 1;
633, 632000, -28177.0, 28638.0, -300.0, -2373.0, 1, 1, 1;
634, 633000, -31940.0, 22250.0, 9809.0, 6112.0, 1, 1, 1;
635, 634000, -32574.0, 13649.0, 18971.0, 3183.0, 1, 1, 1;
636, 635000, -30019.0, 3741.0, 26267.0, 6930.0, 1, 1, 1;
637, 636000, -24582.0, -6525.0, 30995.0, 5303.0, 1, 1, 1;
638, 637000, -16704.0, -16185.0, 32689.0, 10214.0, 1, 1, 1;
639, 638000, -7161.0, -24219.0, 31181.0, 7742.0, 1, 1, 1;
640, 639000, 3037.0, -29839.0, 26619.0, 3249.0, 1, 1, 1;
641, 640000, 12914.0, -32592.0, 19477.0, -6078.0, 1, 1, 1;
642, 641000, 21550.0, -32157.0, 10388.0, -5932.0, 1, 1, 1;
643, 642000, 28059.0, -28608.0, 298.0, -3918.0, 1, 1, 1;
644, 643000, 31803.0, -22205.0, -9776.0, -5899.0, 1, 1, 1;
645, 644000, 32459.0, -13638.0, -18931.0, -6469.0, 1, 1, 1;
646, 645000, 29930.0, -3704.0, -26216.0, -8344.0, 1, 1, 1;
647, 646000, 24460.0, 6558.0, -30914.0, -6343.0, 1, 1, 1;
648, 647000, 16595.0, 16204.0, -32621.0, -10926.0, 1, 1, 1;
649, 648000, 7081.0, 24257.0, -31133.0, -4571.0, 1, 1, 1;
650, 649000, -3129.0, 29940.0, -26597.0, -1969.0, 1, 1, 1;
651, 650000, -13017.0, 32705.0, -19431.0, 1893.0, 1, 1, 1;
652, 651000, -21645.0, 32202.0, -10391.0, 4162.0, 1, 1, 1;
653, 652000, -28162.0, 28626.0, -274.0, 3801.0, 1, 1, 1;
654, 653000, -31952.0, 22241.0, 9811.0, 7508.0, 1, 1, 1;
655, 654000, -32573.0, 13644.0, 18967.0, 4768.0, 1, 1, 1;
656, 655000, -30023.0, 3735.0, 26276.0, 9021.0, 1, 1, 1;
657, 656000, -24561.0, -6520.0, 30990.0, 8258.0, 1, 1, 1;
658, 657000, -16684.0, -16169.0, 32674.0, 12312.0, 1, 1, 1;
659, 658000, -7167.0, -24214.0, 31174.0, 3211.0, 1, 1, 1;
660, 659000, 3027.0, -29845.0, 26619.0, 531.0, 1, 1, 1;
661, 660000, 12929.0, -32594.0, 19456.0, -3316.0, 1, 1, 1;
662, 661000, 21551.0, -32168.0, 10398.0, -7042.0, 1, 1, 1;
663, 662000, 28053.0, -28602.0, 324.0, -9137.0, 1, 1, 1;
664, 663000, 31801.0, -22202.0, -9788.0, -4989.0, 1, 1, 1;
665, 664000, 32455.0, -13622.0, -18948.0, -7176.0, 1, 1, 1;
666, 665000, 29933.0, -3726.0, -26204.0, -12459.0, 1, 1, 1;
667, 666000, 24463.0, 6550.0, -30916.0, -9185.0, 1, 1, 1;
668, 667000, 16582.0, 16195.0, -32610.0, -12014.0, 1, 1, 1;
669, 668000, 7075.0, 24260.0, -31138.0, -5361.0, 1, 1, 1;
670, 669000, -3121.0, 29935.0, -26593.0, -5740.0, 1, 1, 1;
671, 670000, -13010.0, 32682.0, -19431.0, -207.0, 1, 1, 1;
672, 671000, -21649.0, 32205.0, -10368.0, 8687.0, 1, 1, 1;
673, 672000, -28182.0, 28639.0, -302.0, -796.0, 1, 1, 1;
674, 673000, -31915.0, 22218.0, 9815.0, 6418.0, 1, 1, 1;
675, 674000, -32569.0, 13642.0, 18961.0, 6057.0, 1, 1, 1;
676, 675000, -30026.0, 3737.0, 26272.0, 9242.0, 1, 1, 1;
677, 676000, -24570.0, -6543.0, 30990.0, 5832.0, 1, 1, 1;
678, 677000, -16689.0, -16169.0, 32687.0, 10415.0, 1, 1, 1;
679, 678000, -7172.0, -24208.0, 31167.0, 2880.0, 1, 1, 1;
680, 679000, 3045.0, -29867.0, 26609.0, 3463.0, 1, 1, 1;
681, 680000, 12924.0, -32607.0, 19465.0, -3269.0, 1, 1, 1;
682, 681000, 21567.0, -32170.0, 10394.0, -4675.0, 1, 1, 1;
683, 682000, 28047.0, -28601.0, 314.0, -9896.0, 1, 1, 1;
684, 683000, 31796.0, -22195.0, -9790.0, -5474.0, 1, 1, 1;
685, 684000, 32458.0, -13621.0, -18921.0, -3130.0, 1, 1, 1;
686, 685000, 29939.0, -3697.0, -26218.0, -11425.0, 1, 1, 1;
687, 686000, 24474.0, 6564.0, -30928.0, -9035.0, 1, 1, 1;
688, 687000, 16601.0, 16207.0, -32608.0, -11056.0, 1, 1, 1;
689, 688000, 7083.0, 24266.0, -31127.0, -7003.0, 1, 1, 1;
690, 689000, -3124.0, 29949.0, -26606.0, -2458.0, 1, 1, 1;
691, 690000, -13008.0, 32668.0, -19433.0, -801.0, 1, 1, 1;
692, 691000, -21638.0, 32199.0, -10378.0, 5693.0, 1, 1, 1;
693, 692000, -28164.0, 28636.0, -283.0, -721.0, 1, 1, 1;
694, 693000, -31930.0, 22223.0, 9807.0, 4611.0, 1, 1, 1;
695, 694000, -32545.0, 13653.0, 18954.0, 935.0, 1, 1, 1;
696, 695000, -30018.0, 3729.0, 26260.0, 8103.0, 1, 1, 1;
697, 696000, -24563.0, -6539.0, 30995.0, 5580.0, 1, 1, 1;
698, 697000, -16684.0, -16166.0, 32671.0, 11305.0, 1, 1, 1;
699, 698000, -7162.0, -24223.0, 31155.0, 4468.0, 1, 1, 1;
700, 699000, 3021.0, -29872.0, 26617.0, 2523.0, 1, 1, 1;
701, 700000, 12924.0, -32582.0, 19459.0, -4179.0, 1, 1, 1;
702, 701000, 21551.0, -32178.0, 10396.0, -4967.0, 1, 1, 1;
703, 702000, 28075.0, -28601.0, 310.0, -6644.0, 1, 1, 1;
704, 703000, 31810.0, -22198.0, -9807.0, -7673.0, 1, 1, 1;
705, 704000, 32465.0, -13630.0, -18938.0, -1121.0, 1, 1, 1;
706, 705000, 29934.0, -3714.0, -26221.0, -10913.0, 1, 1, 1;
707, 706000, 24464.0, 6568.0, -30904.0, -11902.0, 1, 1, 1;
708, 707000, 16602.0, 16203.0, -32618.0, -10769.0, 1, 1, 1;
709, 708000, 7092.0, 24242.0, -31129.0, -8533.0, 1, 1, 1;
710, 709000, -3128.0, 29952.0, -26602.0, -1160.0, 1, 1, 1;
711, 710000, -13010.0, 32679.0, -19433.0, -2878.0, 1, 1, 1;
712, 711000, -21648.0, 32207.0, -10365.0, 5523.0, 1, 1, 1;
713, 712000, -28155.0, 28608.0, -277.0, -361.0, 1, 1, 1;
714, 713000, -31937.0, 22213.0, 9824.0, 6643.0, 1, 1, 1;
715, 714000, -32566.0, 13646.0, 18962.0, 3424.0, 1, 1, 1;
716, 715000, -30040.0, 3711.0, 26246.0, 7094.0, 1, 1, 1;
717, 716000, -24546.0, -6555.0, 31003.0, 9023.0, 1, 1, 1;
718, 717000, -16676.0, -16175.0, 32661.0, 10230.0, 1, 1, 1;
719, 718000, -7156.0, -24244.0, 31158.0, 3740.0, 1, 1, 1;
720, 719000, 3030.0, -29858.0, 26616.0, 2272.0, 1, 1, 1;
721, 720000, 12942.0, -32586.0, 19455.0, -2071.0, 1, 1, 1;
722, 721000, 21559.0, -32183.0, 10388.0, -7194.0, 1, 1, 1;
723, 722000, 28069.0, -28606.0, 287.0, -3013.0, 1, 1, 1;
724, 723000, 31800.0, -22209.0, -9782.0, -13071.0, 1, 1, 1;
725, 724000, 32439.0, -13613.0, -18936.0, -4977.0, 1, 1, 1;
726, 725000, 29932.0, -3708.0, -26232.0, -8121.0, 1, 1, 1;
727, 726000, 24476.0, 6557.0, -30917.0, -12607.0, 1, 1, 1;
728, 727000, 16595.0, 16189.0, -32626.0, -12229.0, 1, 1, 1;
729, 728000, 7086.0, 24255.0, -31144.0, -7078.0, 1, 1, 1;
730, 729000, -3118.0, 29925.0, -26585.0, -38.0, 1, 1, 1;
731, 730000, -13015.0, 32678.0, -19432.0, -122.0, 1, 1, 1;
732, 731000, -21640.0, 32208.0, -10366.0, 3136.0, 1, 1, 1;
733, 732000, -28165.0, 28620.0, -290.0, 4384.0, 1, 1, 1;
734, 733000, -31931.0, 22206.0, 9814.0, 7270.0, 1, 1, 1;
735, 734000, -32574.0, 13634.0, 18964.0, 4942.0, 1, 1, 1;
736, 735000, -30029.0, 3720.0, 26266.0, 4713.0, 1, 1, 1;
737, 736000, -24548.0, -6544.0, 30983.0, 7731.0, 1, 1, 1;
738, 737000, -16680.0, -16184.0, 32668.0, 11968.0, 1, 1, 1;
739, 738000, -7161.0, -24216.0, 31156.0, 3883.0, 1, 1, 1;
740, 739000, 3060.0, -29867.0, 26610.0, 1891.0, 1, 1, 1;
741, 740000, 12943.0, -32591.0, 19450.0, -3796.0, 1, 1, 1;
742, 741000, 21557.0, -32184.0, 10389.0, -5195.0, 1, 1, 1;
743, 742000, 28070.0, -28591.0, 286.0, -4101.0, 1, 1, 1;
744, 743000, 31795.0, -22203.0, -9785.0, -10072.0, 1, 1, 1;
745, 744000, 32452.0, -13631.0, -18943.0, -5382.0, 1, 1, 1;
746, 745000, 29940.0, -3707.0, -26225.0, -10206.0, 1, 1, 1;
747, 746000, 24471.0, 6573.0, -30923.0, -11134.0, 1, 1, 1;
748, 747000, 16584.0, 16194.0, -32618.0, -12132.0, 1, 1, 1;
749, 748000, 7066.0, 24269.0, -31130.0, -4320.0, 1, 1, 1;
750, 749000, -3122.0, 29949.0, -26600.0, -1963.0, 1, 1, 1;
751, 750000, -13021.0, 32680.0, -19416.0, -1712.0, 1, 1, 1;
752, 751000, -21654.0, 32211.0, -10365.0, 2932.0, 1, 1, 1;
753, 752000, -28172.0, 28618.0, -276.0, 1818.0, 1, 1, 1;
754, 753000, -31946.0, 22210.0, 9819.0, 7857.0, 1, 1, 1;
755, 754000, -32556.0, 13621.0, 18980.0, 2904.0, 1, 1, 1;
756, 755000, -30014.0, 3722.0, 26260.0, 5395.0, 1, 1, 1;
757, 756000, -24572.0, -6545.0, 30984.0, 7800.0, 1, 1, 1;
758, 757000, -16677.0, -16181.0, 32681.0, 12844.0, 1, 1, 1;
759, 758000, -7152.0, -24240.0, 31158.0, 5772.0, 1, 1, 1;
760, 759000, 3056.0, -29878.0, 26609.0, 5632.0, 1, 1, 1;
761, 760000, 12937.0, -32596.0, 19443.0, -4001.0, 1, 1, 1;
762, 761000, 21565.0, -32171.0, 10369.0, -5992.0, 1, 1, 1;
763, 762000, 28070.0, -28591.0, 290.0, -5687.0, 1, 1, 1;
764, 763000, 31812.0, -22201.0, -9804.0, -5280.0, 1, 1, 1;
765, 764000, 32455.0, -13619.0, -18952.0, -5191.0, 1, 1, 1;
766, 765000, 29931.0, -3708.0, -26225.0, -6283.0, 1, 1, 1;
767, 766000, 24478.0, 6574.0, -30930.0, -6705.0, 1, 1, 1;
768, 767000, 16587.0, 16221.0, -32629.0, -10392.0, 1, 1, 1;
769, 768000, 7069.0, 24256.0, -31135.0, -7372.0, 1, 1, 1;
770, 769000, -3122.0, 29941.0, -26594.0, -998.0, 1, 1, 1;
771, 770000, -13027.0, 32652.0, -19432.0, 1195.0, 1, 1, 1;
772, 771000, -21648.0, 32186.0, -10369.0, 9214.0, 1, 1, 1;
773, 772000, -28168.0, 28617.0, -261.0, 1161.0, 1, 1, 1;
774, 773000, -31945.0, 22202.0, 9814.0, 9138.0, 1, 1, 1;
775, 774000, -32565.0, 13620.0, 18969.0, 7484.0, 1, 1, 1;
776, 775000, -30022.0, 3703.0, 26271.0, 9410.0, 1, 1, 1;
777, 776000, -24551.0, -6568.0, 30992.0, 10506.0, 1, 1, 1;
778, 777000, -16674.0, -16193.0, 32657.0, 11956.0, 1, 1, 1;
779, 778000, -7141.0, -24235.0, 31153.0, 6865.0, 1, 1, 1;
780, 779000, 3056.0, -29857.0, 26605.0, 3201.0, 1, 1, 1;
781, 780000, 12941.0, -32594.0, 19437.0, -660.0, 1, 1, 1;
782, 781000, 21572.0, -32169.0, 10364.0, -7249.0, 1, 1, 1;
783, 782000, 28081.0, -28596.0, 311.0, -4317.0, 1, 1, 1;
784, 783000, 31820.0, -22197.0, -9792.0, -4394.0, 1, 1, 1;
785, 784000, 32465.0, -13619.0, -18959.0, -5341.0, 1, 1, 1;
786, 785000, 29932.0, -3689.0, -26249.0, -8342.0, 1, 1, 1;
787, 786000, 24471.0, 6566.0, -30936.0, -12622.0, 1, 1, 1;
788, 787000, 16587.0, 16200.0, -32626.0, -8570.0, 1, 1, 1;
789, 788000, 7075.0, 24270.0, -31142.0, -3212.0, 1, 1, 1;
790, 789000, -3138.0, 29943.0, -26586.0, -5166.0, 1, 1, 1;
791, 790000, -13011.0, 32693.0, -19430.0, 3326.0, 1, 1, 1;
792, 791000, -21649.0, 32211.0, -10355.0, 5162.0, 1, 1, 1;
793, 792000, -28166.0, 28596.0, -280.0, 6764.0, 1, 1, 1;
794, 793000, -31931.0, 22214.0, 9828.0, 2462.0, 1, 1, 1;
795, 794000, -32554.0, 13608.0, 18979.0, 5064.0, 1, 1, 1;
796, 795000, -30030.0, 3710.0, 26271.0, 8596.0, 1, 1, 1;
797, 796000, -24536.0, -6551.0, 30997.0, 9621.0, 1, 1, 1;
798, 797000, -16667.0, -16191.0, 32656.0, 7437.0, 1, 1, 1;
799, 798000, -7146.0, -24233.0, 31149.0, 5521.0, 1, 1, 1;
800, 799000, 3058.0, -29886.0, 26597.0, -364.0, 1, 1, 1;
801, 800000, 12942.0, -32605.0, 19430.0, -2763.0, 1, 1, 1;
802, 801000, 21559.0, -32187.0, 10376.0, -7753.0, 1, 1, 1;
803, 802000, 28075.0, -28593.0, 288.0, -9051.0, 1, 1, 1;
804, 803000, 31826.0, -22183.0, -9807.0, -6257.0, 1, 1, 1;
805, 804000, 32470.0, -13621.0, -18955.0, -8313.0, 1, 1, 1;
806, 805000, 29912.0, -3699.0, -26240.0, -7645.0, 1, 1, 1;
807, 806000, 24475.0, 6568.0, -30924.0, -10148.0, 1, 1, 1;
808, 807000, 16585.0, 16212.0, -32635.0, -14268.0, 1, 1, 1;
809, 808000, 7067.0, 24265.0, -31135.0, -6124.0, 1, 1, 1;
810, 809000, -3112.0, 29928.0, -26583.0, -7407.0, 1, 1, 1;
811, 810000, -13018.0, 32678.0, -19432.0, 1332.0, 1, 1, 1;
812, 811000, -21657.0, 32191.0, -10361.0, 3648.0, 1, 1, 1;
813, 812000, -28168.0, 28605.0, -268.0, 2851.0, 1, 1, 1;
814, 813000, -31929.0, 22195.0, 9837.0, 5934.0, 1, 1, 1;
815, 814000, -32556.0, 13632.0, 18988.0, 4539.0, 1, 1, 1;
816, 815000, -30024.0, 3691.0, 26270.0, 7938.0, 1, 1, 1;
817, 816000, -24542.0, -6575.0, 30997.0, 9854.0, 1, 1, 1;
818, 817000, -16643.0, -16217.0, 32667.0, 7278.0, 1, 1, 1;
819, 818000, -7145.0, -24251.0, 31169.0, 8314.0, 1, 1, 1;
820, 819000, 3057.0, -29882.0, 26600.0, 2120.0, 1, 1, 1;
821, 820000, 12949.0, -32611.0, 19440.0, 311.0, 1, 1, 1;
822, 821000, 21548.0, -32174.0, 10359.0, -4771.0, 1, 1, 1;
823, 822000, 28077.0, -28603.0, 293.0, -5606.0, 1, 1, 1;
824, 823000, 31813.0, -22217.0, -9813.0, -6135.0, 1, 1, 1;
825, 824000, 32472.0, -13607.0, -18952.0, -8373.0, 1, 1, 1;
826, 825000, 29934.0, -3691.0, -26226.0, -9052.0, 1, 1, 1;
827, 826000, 24460.0, 6565.0, -30936.0, -12523.0, 1, 1, 1;
828, 827000, 16581.0, 16202.0, -32628.0, -14856.0, 1, 1, 1;
829, 828000, 7066.0, 24265.0, -31150.0, -6418.0, 1, 1, 1;
830, 829000, -3146.0, 29947.0, -26597.0, -7153.0, 1, 1, 1;
831, 830000, -13030.0, 32685.0, -19409.0, 1134.0, 1, 1, 1;
832, 831000, -21655.0, 32208.0, -10359.0, 910.0, 1, 1, 1;
833, 832000, -28186.0, 28607.0, -252.0, 3503.0, 1, 1, 1;
834, 833000, -31937.0, 22197.0, 9835.0, 3302.0, 1, 1, 1;
835, 834000, -32550.0, 13620.0, 18980.0, 5194.0, 1, 1, 1;
836, 835000, -30015.0, 3696.0, 26267.0, 3882.0, 1, 1, 1;
837, 836000, -24534.0, -6558.0, 30991.0, 10848.0, 1, 1, 1;
838, 837000, -16638.0, -16203.0, 32675.0, 7269.0, 1, 1, 1;
839, 838000, -7128.0, -24241.0, 31158.0, 4541.0, 1, 1, 1;
840, 839000, 3057.0, -29884.0, 26591.0, -3057.0, 1, 1, 1;
841, 840000, 12975.0, -32606.0, 19433.0, -2713.0, 1, 1, 1;
842, 841000, 21579.0, -32165.0, 10367.0, -6966.0, 1, 1, 1;
843, 842000, 28096.0, -28598.0, 282.0, -7208.0, 1, 1, 1;
844, 843000, 31817.0, -22189.0, -9826.0, -8111.0, 1, 1, 1;
845, 844000, 32476.0, -13614.0, -18971.0, -7533.0, 1, 1, 1;
846, 845000, 29944.0, -3696.0, -26240.0, -7802.0, 1, 1, 1;
847, 846000, 24471.0, 6556.0, -30935.0, -11087.0, 1, 1, 1;
848, 847000, 16591.0, 16210.0, -32633.0, -13086.0, 1, 1, 1;
849, 848000, 7076.0, 24252.0, -31128.0, -5527.0, 1, 1, 1;
850, 849000, -3135.0, 29937.0, -26576.0, -3703.0, 1, 1, 1;
851, 850000, -13023.0, 32667.0, -19425.0, 1360.0, 1, 1, 1;
852, 851000, -21646.0, 32184.0, -10366.0, 3211.0, 1, 1, 1;
853, 852000, -28181.0, 28614.0, -265.0, 1348.0, 1, 1, 1;
854, 853000, -31927.0, 22192.0, 9831.0, 1940.0, 1, 1, 1;
855, 854000, -32545.0, 13614.0, 18975.0, 8051.0, 1, 1, 1;
856, 855000, -30022.0, 3682.0, 26262.0, 1306.0, 1, 1, 1;
857, 856000, -24532.0, -6577.0, 30982.0, 10084.0, 1, 1, 1;
858, 857000, -16648.0, -16213.0, 32658.0, 7464.0, 1, 1, 1;
859, 858000, -7133.0, -24261.0, 31151.0, 6782.0, 1, 1, 1;
860, 859000, 3076.0, -29881.0, 26609.0, -2580.0, 1, 1, 1;
861, 860000, 12969.0, -32620.0, 19430.0, -105.0, 1, 1, 1;
862, 861000, 21588.0, -32177.0, 10367.0, -7230.0, 1, 1, 1;
863, 862000, 28093.0, -28614.0, 277.0, -5126.0, 1, 1, 1;
864, 863000, 31826.0, -22195.0, -9818.0, -4100.0, 1, 1, 1;
865, 864000, 32467.0, -13603.0, -18963.0, -10048.0, 1, 1, 1;
866, 865000, 29934.0, -3711.0, -26231.0, -9990.0, 1, 1, 1;
867, 866000, 24451.0, 6577.0, -30924.0, -14861.0, 1, 1, 1;
868, 867000, 16586.0, 16210.0, -32620.0, -9574.0, 1, 1, 1;
869, 868000, 7081.0, 24253.0, -31116.0, -5276.0, 1, 1, 1;
870, 869000, -3144.0, 29933.0, -26571.0, -5926.0, 1, 1, 1;
871, 870000, -13018.0, 32690.0, -19410.0, 427.0, 1, 1, 1;
872, 871000, -21638.0, 32212.0, -10346.0, 4044.0, 1, 1, 1;
873, 872000, -28172.0, 28590.0, -281.0, 3558.0, 1, 1, 1;
874, 873000, -31916.0, 22195.0, 9829.0, 4962.0, 1, 1, 1;
875, 874000, -32557.0, 13613.0, 18982.0, 6816.0, 1, 1, 1;
876, 875000, -30023.0, 3690.0, 26281.0, -472.0, 1, 1, 1;
877, 876000, -24521.0, -6578.0, 30991.0, 10854.0, 1, 1, 1;
878, 877000, -16636.0, -16209.0, 32671.0, 4494.0, 1, 1, 1;
879, 878000, -7124.0, -24253.0, 31150.0, 5500.0, 1, 1, 1;
880, 879000, 3075.0, -29900.0, 26595.0, -1525.0, 1, 1, 1;
881, 880000, 12967.0, -32604.0, 19416.0, -2375.0, 1, 1, 1;
882, 881000, 21580.0, -32172.0, 10359.0, -10131.0, 1, 1, 1;
883, 882000, 28118.0, -28598.0, 252.0, -7734.0, 1, 1, 1;
884, 883000, 31831.0, -22199.0, -9838.0, -3878.0, 1, 1, 1;
885, 884000, 32477.0, -13614.0, -18960.0, -9166.0, 1, 1, 1;
886, 885000, 29933.0, -3710.0, -26253.0, -7669.0, 1, 1, 1;
887, 886000, 24460.0, 6570.0, -30941.0, -12016.0, 1, 1, 1;
888, 887000, 16580.0, 16202.0, -32624.0, -11629.0, 1, 1, 1;
889, 888000, 7058.0, 24266.0, -31140.0, -7421.0, 1, 1, 1;
890, 889000, -3159.0, 29945.0, -26595.0, -2731.0, 1, 1, 1;
891, 890000, -13030.0, 32660.0, -19407.0, 2417.0, 1, 1, 1;
892, 891000, -21654.0, 32184.0, -10354.0, 2756.0, 1, 1, 1;
893, 892000, -28172.0, 28601.0, -269.0, 3192.0, 1, 1, 1;
894, 893000, -31910.0, 22176.0, 9836.0, 3117.0, 1, 1, 1;
895, 894000, -32560.0, 13614.0, 18989.0, 8907.0, 1, 1, 1;
896, 895000, -30009.0, 3687.0, 26268.0, 4389.0, 1, 1, 1;
897, 896000, -24516.0, -6583.0, 30998.0, 8458.0, 1, 1, 1;
898, 897000, -16626.0, -16214.0, 32661.0, 11115.0, 1, 1, 1;
899, 898000, -7125.0, -24254.0, 31140.0, 7922.0, 1, 1, 1;
900, 899000, 3080.0, -29866.0, 26598.0, -1419.0, 1, 1, 1;
901, 900000, 12970.0, -32606.0, 19420.0, 1675.0, 1, 1, 1;
902, 901000, 21582.0, -32175.0, 10348.0, -8538.0, 1, 1, 1;
903, 902000, 28096.0, -28589.0, 259.0, -4436.0, 1, 1, 1;
904, 903000, 31846.0, -22194.0, -9835.0, -4099.0, 1, 1, 1;
905, 904000, 32478.0, -13604.0, -18972.0, -5620.0, 1, 1, 1;
906, 905000, 29946.0, -3683.0, -26256.0, -7769.0, 1, 1, 1;
907, 906000, 24470.0, 6578.0, -30917.0, -13104.0, 1, 1, 1;
908, 907000, 16586.0, 16201.0, -32632.0, -7401.0, 1, 1, 1;
909, 908000, 7069.0, 24280.0, -31129.0, -6077.0, 1, 1, 1;
910, 909000, -3123.0, 29940.0, -26578.0, 1098.0, 1, 1, 1;
911, 910000, -13029.0, 32693.0, -19418.0, 463.0, 1, 1, 1;
912, 911000, -21660.0, 32203.0, -10342.0, 2483.0, 1, 1, 1;
913, 912000, -28165.0, 28595.0, -278.0, 2463.0, 1, 1, 1;
914, 913000, -31933.0, 22206.0, 9831.0, 4159.0, 1, 1, 1;
915, 914000, -32544.0, 13599.0, 18969.0, 4272.0, 1, 1, 1;
916, 915000, -30013.0, 3688.0, 26266.0, 7281.0, 1, 1, 1;
917, 916000, -24533.0, -6577.0, 30995.0, 7904.0, 1, 1, 1;
918, 917000, -16648.0, -16220.0, 32654.0, 11459.0, 1, 1, 1;
919, 918000, -7116.0, -24256.0, 31154.0, 5504.0, 1, 1, 1;
920, 919000, 3090.0, -29897.0, 26580.0, -1716.0, 1, 1, 1;
921, 920000, 12975.0, -32625.0, 19421.0, 973.0, 1, 1, 1;
922, 921000, 21609.0, -32181.0, 10350.0, -7334.0, 1, 1, 1;
923, 922000, 28093.0, -28588.0, 264.0, -2006.0, 1, 1, 1;
924, 923000, 31827.0, -22185.0, -9829.0, -8633.0, 1, 1, 1;
925, 924000, 32457.0, -13596.0, -18985.0, -4735.0, 1, 1, 1;
926, 925000, 29943.0, -3694.0, -26252.0, -8294.0, 1, 1, 1;
927, 926000, 24459.0, 6591.0, -30951.0, -12257.0, 1, 1, 1;
928, 927000, 16579.0, 16222.0, -32635.0, -10597.0, 1, 1, 1;
929, 928000, 7051.0, 24248.0, -31147.0, -3671.0, 1, 1, 1;
930, 929000, -3122.0, 29956.0, -26595.0, -4045.0, 1, 1, 1;
931, 930000, -13036.0, 32662.0, -19414.0, 1084.0, 1, 1, 1;
932, 931000, -21669.0, 32189.0, -10354.0, 8096.0, 1, 1, 1;
933, 932000, -28173.0, 28595.0, -262.0, -848.0, 1, 1, 1;
934, 933000, -31926.0, 22185.0, 9828.0, 5824.0, 1, 1, 1;
935, 934000, -32537.0, 13598.0, 18975.0, 4492.0, 1, 1, 1;
936, 935000, -29988.0, 3679.0, 26267.0, 8022.0, 1, 1, 1;
937, 936000, -24532.0, -6575.0, 30977.0, 5246.0, 1, 1, 1;
938, 937000, -16655.0, -16217.0, 32657.0, 12295.0, 1, 1, 1;
939, 938000, -7117.0, -24254.0, 31141.0, 5554.0, 1, 1, 1;
940, 939000, 3086.0, -29888.0, 26586.0, -1339.0, 1, 1, 1;
941, 940000, 12978.0, -32607.0, 19408.0, -5563.0, 1, 1, 1;
942, 941000, 21618.0, -32176.0, 10362.0, -7453.0, 1, 1, 1;
943, 942000, 28108.0, -28594.0, 264.0, -8031.0, 1, 1, 1;
944, 943000, 31823.0, -22197.0, -9829.0, -8287.0, 1, 1, 1;
945, 944000, 32459.0, -13588.0, -18959.0, -4881.0, 1, 1, 1;
946, 945000, 29943.0, -3675.0, -26249.0, -8469.0, 1, 1, 1;
947, 946000, 24471.0, 6581.0, -30927.0, -11032.0, 1, 1, 1;
948, 947000, 16580.0, 16213.0, -32635.0, -7997.0, 1, 1, 1;
949, 948000, 7048.0, 24292.0, -31133.0, -5021.0, 1, 1, 1;
950, 949000, -3119.0, 29943.0, -26582.0, -1072.0, 1, 1, 1;
951, 950000, -13047.0, 32667.0, -19406.0, 3825.0, 1, 1, 1;
952, 951000, -21669.0, 32203.0, -10342.0, 3106.0, 1, 1, 1;
953, 952000, -28177.0, 28579.0, -259.0, 8122.0, 1, 1, 1;
954, 953000, -31931.0, 22200.0, 9845.0, 2323.0, 1, 1, 1;
955, 954000, -32545.0, 13577.0, 18971.0, 5974.0, 1, 1, 1;
956, 955000, -29984.0, 3681.0, 26281.0, 7684.0, 1, 1, 1;
957, 956000, -24515.0, -6587.0, 30996.0, 11049.0, 1, 1, 1;
958, 957000, -16650.0, -16213.0, 32669.0, 6345.0, 1, 1, 1;
959, 958000, -7100.0, -24271.0, 31145.0, 6075.0, 1, 1, 1;
960, 959000, 3106.0, -29898.0, 26585.0, -2929.0, 1, 1, 1;
961, 960000, 12990.0, -32607.0, 19415.0, -1635.0, 1, 1, 1;
962, 961000, 21609.0, -32174.0, 10340.0, -6843.0, 1, 1, 1;
963, 962000, 28106.0, -28597.0, 257.0, -6399.0, 1, 1, 1;
964, 963000, 31829.0, -22197.0, -9848.0, -5425.0, 1, 1, 1;
965, 964000, 32473.0, -13595.0, -18971.0, -6201.0, 1, 1, 1;
966, 965000, 29930.0, -3681.0, -26250.0, -5251.0, 1, 1, 1;
967, 966000, 24462.0, 6592.0, -30950.0, -13963.0, 1, 1, 1;
968, 967000, 16582.0, 16220.0, -32630.0, -13494.0, 1, 1, 1;
969, 968000, 7039.0, 24269.0, -31137.0, -5462.0, 1, 1, 1;
970, 969000, -3157.0, 29952.0, -26592.0, -7729.0, 1, 1, 1;
971, 970000, -13032.0, 32656.0, -19408.0, 2084.0, 1, 1, 1;
972, 971000, -21660.0, 32183.0, -10348.0, 1108.0, 1, 1, 1;
973, 972000, -28174.0, 28609.0, -243.0, 5628.0, 1, 1, 1;
974, 973000, -31912.0, 22177.0, 9847.0, 1794.0, 1, 1, 1;
975, 974000, -32534.0, 13587.0, 18991.0, 11406.0, 1, 1, 1;
976, 975000, -29994.0, 3685.0, 26269.0, 4718.0, 1, 1, 1;
977, 976000, -24511.0, -6569.0, 30994.0, 13077.0, 1, 1, 1;
978, 977000, -16628.0, -16236.0, 32668.0, 8152.0, 1, 1, 1;
979, 978000, -7105.0, -24252.0, 31140.0, 6343.0, 1, 1, 1;
980, 979000, 3094.0, -29888.0, 26587.0, -1748.0, 1, 1, 1;
981, 980000, 12975.0, -32609.0, 19414.0, 603.0, 1, 1, 1;
982, 981000, 21603.0, -32184.0, 10340.0, -8170.0, 1, 1, 1;
983, 982000, 28120.0, -28586.0, 247.0, -5620.0, 1, 1, 1;
984, 983000, 31843.0, -22164.0, -9832.0, -9857.0, 1, 1, 1;
985, 984000, 32492.0, -13613.0, -18983.0, -5207.0, 1, 1, 1;
986, 985000, 29927.0, -3682.0, -26254.0, -8869.0, 1, 1, 1;
987, 986000, 24449.0, 6591.0, -30925.0, -11159.0, 1, 1, 1;
988, 987000, 16570.0, 16225.0, -32628.0, -12206.0, 1, 1, 1;
989, 988000, 7076.0, 24271.0, -31130.0, -7878.0, 1, 1, 1;
990, 989000, -3157.0, 29935.0, -26554.0, -2412.0, 1, 1, 1;
991, 990000, -13030.0, 32692.0, -19413.0, -782.0, 1, 1, 1;
992, 991000, -21654.0, 32178.0, -10337.0, 2823.0, 1, 1, 1;
993, 992000, -28153.0, 28579.0, -243.0, 2612.0, 1, 1, 1;
994, 993000, -31897.0, 22171.0, 9850.0, 3274.0, 1, 1, 1;
995, 994000, -32538.0, 13591.0, 18989.0, 2736.0, 1, 1, 1;
996, 995000, -30004.0, 3648.0, 26277.0, 4475.0, 1, 1, 1;
997, 996000, -24508.0, -6610.0, 31003.0, 9532.0, 1, 1, 1;
998, 997000, -16619.0, -16214.0, 32648.0, 11403.0, 1, 1, 1;
999, 998000, -7093.0, -24278.0, 31152.0, 7146.0, 1, 1, 1;
1000, 999000, 3084.0, -29892.0, 26582.0, -1464.0, 1, 1, 1;
1001, 1000000, 12976.0, -32620.0, 19417.0, -1927.0, 1, 1, 1;
1002, 1001000, 21606.0, -32169.0, 10328.0, -5833.0, 1, 1, 1;
1003, 1002000, 28134.0, -28598.0, 245.0, -7935.0, 1, 1, 1;
1004, 1003000, 31834.0, -22180.0, -9846.0, -8352.0, 1, 1, 1;
1005, 1004000, 32474.0, -13584.0, -18982.0, -5169.0, 1, 1, 1;
1006, 1005000, 29952.0, -3688.0, -26246.0, -8313.0, 1, 1, 1;
1007, 1006000, 24454.0, 6593.0, -30952.0, -8107.0, 1, 1, 1;
1008, 1007000, 16588.0, 16221.0, -32614.0, -12642.0, 1, 1, 1;
1009, 1008000, 7049.0, 24280.0, -31128.0, -4741.0, 1, 1, 1;
